-2.6171538129863325
9.611003624115977
4.759977080789728
9.29797647806912
24.308990504525177
14.600670421030998
22.898704749890403
11.605181353857347
18.440686398100524
23.77558122159032
5.128485139184324
5.151849883508132
-9.068987023454095
9.520442389931928
-4.085641137340634
20.22094863956123
0.09387033798225808
-0.130149618079197
13.04071581798187
17.833389766240856
15.01767921743332
7.325451834479199
7.1162732767876005
0.7150888468302545
10.872159257639076
5.5712869253206465
8.079917081573498
4.22152947537712
23.573507052033943
5.2739333004921285
18.055292518727157
-0.33847411017833107
