0.9693668948066412
0.2874055172788445
5.608054350420184
1.661607421715919
0.7185137116976443
3.4971428404577973
3.1350514421675717
1.9737136766799157
1.0831105375999934
0.8612265302604323
4.763398093189417
8.300375413783101
0.3873828724372163
6.737993507862266
4.301931281986416
13.331466509860691
5.685897212829004
7.7668231140938175
8.503313418942355
5.896064789852716
2.0162221261290236
5.760128339989956
3.6429583629944604
10.713975567052467
4.4136592108765385
0.26782730767311713
7.357927314064861
6.976346909435329
7.401744278401551
1.1512437083599352
0.26022127541152645
7.480996276400744
