3.3833143951975932
1.1318232822390308
3.1909024155210624
2.230275302484505
2.1630836338219335
5.303714017487335
-1.1707657383233778
4.421914412112998
5.572537264464138
3.1053341866013544
-0.9471931886095182
2.1965241088883984
1.880414626291204
1.3467274537940783
3.186616975523701
0.29647956893031213
3.1206882200609094
6.150610093550911
1.8444935660450215
6.823815399310247
0.6432758182600955
3.902339784234587
8.33487635299104
1.8462429972934726
2.5310331820579064
1.9651247145973978
1.7536192962442825
0.16013346551284435
5.5787111878308515
5.105679539343331
3.019229369181737
7.615020399612955
1.1836679450719274
4.0753051551649175
1.8209192232338132
7.785299438955567
0.8452703055922166
0.692096511864865
3.2247489430714094
2.3372914046882047
2.438285646351265
4.513919059392665
5.241549132845973
3.0120106893009533
-1.840174772344275
2.320873019556231
-2.2523272297595414
2.6686145449978373
2.90930992360799
4.0629639893058656
-0.19171254937757976
5.75658650730322
3.818498024421177
2.1898248764960253
2.322675091738299
6.330439634751137
0.06440798533969039
-4.735601714487792
0.12132579375402486
5.203074294499379
3.039869045845924
0.535268906291448
-0.8530739187917331
3.752510123852039
-1.9880663085275838
3.117439082137896
0.7847023736129934
2.632729337707738
-0.5343637123752893
3.126778585642516
1.8638776657247051
-0.28975631428200366
5.122003130344453
1.991642429599677
0.5993715146084615
5.942280208905085
0.4867812979197117
0.8359864089662068
5.561177633909853
6.6319553425545585
0.6008683985616818
4.077698236042616
5.702378754967083
-1.9670398761983785
2.384050648558122
4.266750683336866
-0.6908192040737529
3.605516857564796
2.7053934384955625
2.509967788532558
0.7554608561340681
0.7402477691554479
5.497542706126586
-1.8606752848898687
1.106917323301702
3.5321095289733293
-0.8474313384762033
11.172304539881713
2.560564144815617
4.286592045967781
-0.6409422232560043
2.4168496755529456
-0.03283301947574291
2.920122086658218
5.988736398939505
-1.9387506907501697
1.998334933785568
3.17322526072761
-0.9444630373093719
7.105856185696687
0.3589806778207685
-1.5327576507017575
1.4448349465265444
1.4726020500729875
2.0120513793737955
1.9734049939960436
1.8297788086513624
6.224218289458019
1.9042749800529364
-3.574438869259419
0.6100817499910627
1.1412475020744242
6.630802057404824
1.4229557708884948
4.342714357931416
6.435823838455227
5.381723703161037
3.624096976838863
