8.63855975895592
0.02846437458714125
8.282103469036644
1.8476843572661554
1.1834170284909602
7.2378448173480905
7.413606858741597
0.7713642950891159
4.005231714905507
3.060423858938429
10.10264591969693
8.686812749922943
13.067506335616704
2.8578168192638427
3.679551696810424
1.4183884372089457
0.5882861750616393
5.496854691816638
9.18046941298341
0.03723115897981908
5.78873723838809
10.996064570915602
0.08096412302450566
2.471127083388309
9.973126880659802
0.7692583856138763
0.782501453987745
6.418407159690776
3.2048153594268625
8.621766489027003
2.1601479642301435
2.5693913212574326
3.907928511938739
0.5908189124296501
6.0907744343795915
2.7754446873503746
2.0120985017356023
1.5253576063346839
4.321499028944333
8.412808301262196
2.4267529224624553
2.8573455504439305
7.787568028259038
1.5999327081633505
0.36031090661285564
2.7352333915063856
3.4579111758239542
5.684135645248057
0.39574546555014717
1.8032004602317355
1.1174456394506045
2.8166364909646036
1.4072941072862395
8.938803313429895
9.955386929852992
18.929074748910775
5.8125954807148865
1.8206628180966695
1.5129821080891475
2.6818434063730927
7.984268457770548
8.535886735039341
11.650052819455844
6.327545013651536
2.8472174837945654
0.657787748316054
1.8402667882105352
2.029751590881604
3.3829217422945588
6.659839087780616
5.9377753437353755
5.757740123720371
4.281027243362833
9.004724004340773
3.3251817386960005
1.1279605683442662
4.043072160410858
1.9480831121197582
0.8862693543206519
3.4793480524481977
5.272045878797539
3.1194487519153933
1.280413515854557
14.167146020619244
0.49051493696298426
1.9299113834764905
0.2123964517365527
0.512207093367009
0.20776484949293844
7.018263974451567
3.2102119435590466
2.753404788015585
0.4441358810988109
4.739356438276122
0.24836443732452854
0.655905540325759
2.035842354094945
0.43357564686100175
3.7904082429176027
21.935371726963158
10.86091611383232
5.521067400832059
4.499942078206336
5.130454991407677
1.5170339592177111
14.440861775091271
15.108722264909277
9.803327259155928
0.1771894744057506
4.381093715964294
3.0147979510845233
4.403303949040664
3.833351901218543
17.71426409026825
1.792230703595316
2.1420053167296706
4.995494123824434
5.115918626284067
1.2427383129954923
1.6389178152555226
16.753913246992198
0.2527369225218524
3.247804579334057
0.09591533116977075
1.9852618220760336
1.8927746347113372
6.38802989501119
0.18462367417412465
