0.8684713840973333
0.8788567668885829
-0.12900384553202116
-2.1486678090133546
-1.1310187058188264
-0.4740543002527194
0.4436023254000774
1.3521591912384698
1.1247227709848246
0.6302883776327891
0.35737155032806545
-2.038711182585257
-1.4710256334164045
-1.099726186153351
0.74107202428633
0.6358774542193406
1.3908293012802768
1.5127630371328977
-0.08208897060274892
-0.8590904540245983
-1.9491410807715406
-0.6225746151939016
-0.4597460259110223
1.7269417539712628
1.2108971780685143
1.0572087855845096
-0.12894711163761963
-1.5303773830096987
-1.6393847054993622
-1.3040219505607116
0.5466496656937699
0.7964062803825365
1.4403688043488148
0.7536281623438694
-0.7728674378878019
-1.7491613504981816
-0.8171954390662227
-1.1497091940867068
-0.614711844244904
0.6078981857755894
1.0799322273939271
1.9646242624719426
0.3776009996499494
-0.5174062883399302
-2.080675306685343
-0.9913782141251382
-0.9843063754106683
2.101624942104407
1.837767627355082
1.3363520827935682
0.46250936844836726
-0.7680339734821594
-1.3474327270767021
-2.3308906017056312
-0.9474994135355715
0.5546014243526293
0.692260503631687
2.0171523033201435
0.4698194908136811
-0.6163080016477519
-1.6540575938756723
-2.036618014400209
-0.5399884435712857
0.23289277757901305
