-1.8842751762277614
7.822006849157525
1.9684018301679331
9.82150008046543
12.123351186602935
8.966083889539815
2.2910369751479127
5.342858165141564
14.735467351081146
1.0571561613681215
21.474625201602922
11.404023365787218
8.926830355604553
20.289719622407866
17.27626222580016
11.261137617459413
11.003334668487383
10.13363691448814
11.96983152037646
15.828481408642324
16.460060353704428
22.670610700391215
9.007864717655117
15.179244767982583
31.87080550532617
37.368065117429076
19.73719988911113
11.073706174438355
17.69280093773388
16.6385912947501
26.975537395979348
22.722442899458816
23.491381975037907
44.66492530161812
18.460426431818433
32.9384215165655
45.35893526791574
27.92595038287682
22.869890265947546
29.449774525099144
31.47040359579042
35.27928684595578
41.5171673198607
46.930714889527884
48.816311384980715
34.30115857218644
28.18497916629197
52.80861221558051
34.26879591914298
48.33008494656215
41.920500230190186
29.11430298814973
36.57469833796163
56.1210316491583
49.76803454357763
52.16442242429403
41.535496076055495
58.30940592665387
44.33158342066876
48.87548596626915
46.01067909079811
50.02048693696003
51.45678246554787
51.94035094129936
